# estimated distances (in metres) between pairs of handsets in Dublin Bus dataset.  each row corresponds to the same row in file dublinbus_dataset_attenuations.txt.
   1.0000000e+00
   1.5000000e+00
   1.6000000e+00
   2.0000000e+00
   1.2000000e+00
   1.8027756e+00
   1.8027756e+00
   1.2000000e+00
   5.0000000e-01
   1.6000000e+00
   1.5000000e+00
   1.8027756e+00
   1.2000000e+00
   1.6000000e+00
   1.2000000e+00
   2.0000000e+00
   1.0000000e+00
   1.5000000e+00
   2.0000000e+00
   1.2000000e+00
   1.2000000e+00
   1.8027756e+00
   1.6000000e+00
   1.5000000e+00
   1.8027756e+00
   1.6000000e+00
   1.2000000e+00
   2.0000000e+00
   1.0000000e+00
   1.5000000e+00
   1.6000000e+00
   2.0000000e+00
   1.2000000e+00
   1.2000000e+00
   1.8027756e+00
   1.8027756e+00
   5.0000000e-01
   1.6000000e+00
   1.5000000e+00
   1.8027756e+00
   1.2000000e+00
   1.6000000e+00
   1.2000000e+00
   2.0000000e+00
   1.0000000e+00
   1.5000000e+00
   1.6000000e+00
   2.0000000e+00
   5.0000000e-01
   1.6000000e+00
   1.5000000e+00
   1.8027756e+00
   1.2000000e+00
   1.6000000e+00
   1.2000000e+00
   2.0000000e+00
   1.2000000e+00
   1.2000000e+00
   1.8027756e+00
   1.8027756e+00
